ambition <-
  structure(list(means = structure(
                   c(0,0,0,0,0,0,0),
                   names = c("X1", "X2", "X3", "X4", "X5", "X6", "X7")),
                 stddev = structure(
                   c(1,1,1,1,1,1,1),
                   names = c("X1", "X2", "X3", "X4", "X5", "X6", "X7")),
                 corr = structure(matrix(c(
                   1.000, 0.611,-0.108, 0.250, 0.248, 0.410, 0.331,
                   0.611, 1.000,-0.152, 0.277, 0.294, 0.446, 0.303,
                   -0.108,-0.152, 1.000,-0.100,-0.105,-0.213,-0.153,
                   0.250, 0.277,-0.100, 1.000, 0.572, 0.489, 0.335,
                   0.248, 0.294,-0.105, 0.572, 1.000, 0.597, 0.478,
                   0.410, 0.446,-0.213, 0.489, 0.597, 1.000, 0.651,
                   0.331, 0.303,-0.153, 0.335, 0.478, 0.651, 1.000
                   ), 7,7),            
                   dimnames = list(
                     c("X1", "X2", "X3", "X4", "X5", "X6", "X7"),
                     c("X1", "X2", "X3", "X4", "X5", "X6", "X7"))),
                 n = 767))
# from Whittaker, p.319.
