bloodpressure <-
  structure(list(means = structure(
                   c(0,0,0,0,0,0),
                   names = c("f","e","d","c","b","a")),
                 stddev = structure(
                   c(1,1,1,1,1,1),
                   names = c("f","e","d","c","b","a")),
                 corr = structure(matrix(c(
                   1.000, 0.738, 0.034,-0.012, 0.351, 0.270,
                   0.738, 1.000,-0.059,-0.042, 0.371, 0.139,
                   0.034,-0.059, 1.000, 0.135,-0.101,-0.058,
                   -0.012,-0.042, 0.135, 1.000, 0.211, 0.283,
                   0.351, 0.371,-0.101, 0.211, 1.000, 0.390,
                   0.270, 0.139,-0.058, 0.283, 0.390, 1.000
                   ), 6,6),            
                   dimnames = list(
                     c("f","e","d","c","b","a"),
                     c("f","e","d","c","b","a"))),
                 n = 98))
## from Whittaker, p.343.
