bodyfat <-
  structure(list(means = structure(
                   c(1.06, 19.15, 44.88,178.92, 70.15, 37.99,100.82, 92.56,
                     99.90, 59.41, 38.59, 23.10, 32.27, 28.66, 18.23),
                   names = c("Density", "Body Fat", "Age", "Weight", "Height", "Neck",
                     "Chest", "Abdomen", "Hip", "Thigh", "Knee", "Ankle",
                     "Biceps", "Forearm", "Wrist" )),
                 stddev = structure(
                   c(0.02, 8.37,12.55,29.41, 3.67, 2.43, 8.43,10.79, 7.17,
                     5.26, 2.42, 1.70, 3.03, 2.02, 0.93),
                   names = c("Density", "Body Fat", "Age", "Weight", "Height", "Neck",
                     "Chest", "Abdomen", "Hip", "Thigh", "Knee", "Ankle",
                     "Biceps", "Forearm", "Wrist" )), 
                 corr = structure(matrix(c(
                   1.00000000,-0.98775100,-0.27408691,-0.59297013, 0.10019115,-0.47172381,-0.68168378,-0.79853706,-0.60838850,-0.55355923,-0.49424388,-0.26322170,-0.48745151,-0.35036950,-0.32320414,
                   -0.98775100, 1.00000000, 0.28789756, 0.61134609,-0.09184168, 0.48936574, 0.70173894, 0.81304502, 0.62427792, 0.56011222, 0.50788486, 0.26426704, 0.49364493, 0.36010328, 0.34408172,
                   -0.27408691, 0.28789756, 1.00000000,-0.01871757,-0.17741901, 0.10916276, 0.17140853, 0.22725598,-0.05597465,-0.20185649, 0.01389087,-0.11076695,-0.04204579,-0.09001493, 0.20698022,
                   -0.59297013, 0.61134609,-0.01871757, 1.00000000, 0.30677489, 0.83031357, 0.89387451, 0.88778195, 0.94074768, 0.86967113, 0.85306185, 0.61278373, 0.80125550, 0.62958121, 0.72887407,
                   0.10019115,-0.09184168,-0.17741901, 0.30677489, 1.00000000, 0.25226934, 0.13282869, 0.08618004, 0.16875485, 0.14836214, 0.28505932, 0.26337635, 0.20776020, 0.22738371, 0.32010811,
                   -0.47172381, 0.48936574, 0.10916276, 0.83031357, 0.25226934, 1.00000000, 0.78430271, 0.75358626, 0.73436738, 0.69623479, 0.67194237, 0.47679869, 0.73168675, 0.62298049, 0.74424797,
                   -0.68168378, 0.70173894, 0.17140853, 0.89387451, 0.13282869, 0.78430271, 1.00000000, 0.91571754, 0.82899063, 0.73081189, 0.71915508, 0.48168163, 0.72881238, 0.57930657, 0.65876328,
                   -0.79853706, 0.81304502, 0.22725598, 0.88778195, 0.08618004, 0.75358626, 0.91571754, 1.00000000, 0.87381556, 0.76713641, 0.73682658, 0.45216289, 0.68538519, 0.50247019, 0.61892036,
                   -0.60838850, 0.62427792,-0.05597465, 0.94074768, 0.16875485, 0.73436738, 0.82899063, 0.87381556, 1.00000000, 0.89720905, 0.82326662, 0.55744167, 0.73985419, 0.54417189, 0.62899698,
                   -0.55355923, 0.56011222,-0.20185649, 0.86967113, 0.14836214, 0.69623479, 0.73081189, 0.76713641, 0.89720905, 1.00000000, 0.79947226, 0.54012801, 0.76147103, 0.56709938, 0.55995959,
                   -0.49424388, 0.50788486, 0.01389087, 0.85306185, 0.28505932, 0.67194237, 0.71915508, 0.73682658, 0.82326662, 0.79947226, 1.00000000, 0.61105487, 0.67891511, 0.55531200, 0.66424495,
                   -0.26322170, 0.26426704,-0.11076695, 0.61278373, 0.26337635, 0.47679869, 0.48168163, 0.45216289, 0.55744167, 0.54012801, 0.61105487, 1.00000000, 0.48509419, 0.41802297, 0.56498515,
                   -0.48745151, 0.49364493,-0.04204579, 0.80125550, 0.20776020, 0.73168675, 0.72881238, 0.68538519, 0.73985419, 0.76147103, 0.67891511, 0.48509419, 1.00000000, 0.67857097, 0.63355701,
                   -0.35036950, 0.36010328,-0.09001493, 0.62958121, 0.22738371, 0.62298049, 0.57930657, 0.50247019, 0.54417189, 0.56709938, 0.55531200, 0.41802297, 0.67857097, 1.00000000, 0.58473209,
                   -0.32320414, 0.34408172, 0.20698022, 0.72887407, 0.32010811, 0.74424797, 0.65876328, 0.61892036, 0.62899698, 0.55995959, 0.66424495, 0.56498515, 0.63355701, 0.58473209, 1.00000000
                     ), 15,15),
            dimnames = list(
              c("Density", "Body Fat", "Age", "Weight", "Height", "Neck",
                "Chest", "Abdomen", "Hip", "Thigh", "Knee", "Ankle",
                "Biceps", "Forearm", "Wrist" ),
              c("Density", "Body Fat", "Age", "Weight", "Height", "Neck",
                "Chest", "Abdomen", "Hip", "Thigh", "Knee", "Ankle",
                "Biceps", "Forearm", "Wrist" ))),
            n = 252))
# from the Statlib webpage
