fretsheads <-
  structure(list(means = structure(
                   c(185.72, 151.12, 183.84, 149.24),
                   names = c("X1", "X2", "X3", "X4")),
                 stddev = structure(
                   c(17.04, 14.83, 18.71, 15.03),
                   names = c("X1", "X2", "X3", "X4")),
                 corr = structure(matrix(c(
                   1.0000,0.8854,0.9047,0.8832,
                   0.8854,1.0000,0.8256,0.7687,
                   0.9047,0.8256,1.0000,0.9228,
                   0.8832,0.7687,0.9228,1.0000
                   ), 4,4),            
            dimnames = list(
              c("X1", "X2", "X3", "X4"),
              c("X1", "X2", "X3", "X4"))),
            n = 25))


