socstatus <-
  structure(list(means = structure(
                   c(0,0,0,0,0,0),
                   names = c("X1", "X2", "X3", "Y1", "Y2", "Y3")),
                 stddev = structure(
                   c(1,1,1,1,1,1),
                   names = c("X1", "X2", "X3", "Y1", "Y2", "Y3")),
                 corr = structure(matrix(c(
                   1.00,0.30,0.31,0.10,0.28,0.18,
                   0.30,1.00,0.34,0.16,0.19,0.14,
                   0.31,0.34,1.00,0.16,0.32,0.23,
                   0.10,0.16,0.16,1.00,0.36,0.21,
                   0.28,0.19,0.32,0.36,1.00,0.26,
                   0.18,0.14,0.23,0.21,0.26,1.00
                   ), 6,6),            
                   dimnames = list(
                     c("X1", "X2", "X3", "Y1", "Y2", "Y3"),
                     c("X1", "X2", "X3", "Y1", "Y2", "Y3"))),
            n = 530))
# from Whittaker, p.327.
