university1993 <- 
  structure(list(means = structure(
                   c(0,0,0,0,0,0,0,0),
                   names = c("spend", "apgra", "top10", "rejr", "tstsc", "pacc",
                     "strat", "salar")),
                 stddev = structure(
                   c(1,1,1,1,1,1,1,1),
                   names = c("spend", "apgra", "top10", "rejr", "tstsc", "pacc",
                     "strat", "salar")),
                 corr = structure(matrix(c(
                     1.0000, 0.5455, 0.6381, 0.4766, 0.6732,-0.3807,-0.7713, 0.6954,
                     0.5455, 1.0000, 0.5879, 0.4720, 0.7403,-0.4237,-0.3867, 0.6328,
                     0.6381, 0.5879, 1.0000, 0.5674, 0.7655,-0.2498,-0.3099, 0.6025,
                     0.4766, 0.4720, 0.5674, 1.0000, 0.5813,-0.0810,-0.2721, 0.4885,
                     0.6732, 0.7403, 0.7655, 0.5813, 1.0000,-0.2985,-0.4688, 0.6515,
                     -0.3807,-0.4237,-0.2498,-0.0810,-0.2985, 1.0000, 0.1909,-0.5159,
                     -0.7713,-0.3867,-0.3099,-0.2721,-0.4688, 0.1909, 1.0000,-0.3737,
                     0.6954, 0.6328, 0.6025, 0.4885, 0.6515,-0.5159,-0.3737, 1.0000
                     ), 8,8),            
            dimnames = list(
              c("spend", "apgra", "top10", "rejr", "tstsc", "pacc",
                "strat", "salar"), 
              c("spend", "apgra", "top10", "rejr", "tstsc", "pacc",
                "strat", "salar"))), 
            n = 159))
# from Druzdzel and Glymour, p.532.
