university1992 <- 
  structure(list(means = structure(
                   c(0,0,0,0,0,0,0,0),
                   names = c("spend", "apgra", "top10", "rejr", "tstsc", "pacc",
                     "strat", "salar")),
                 stddev = structure(
                   c(1,1,1,1,1,1,1,1),
                   names = c("spend", "apgra", "top10", "rejr", "tstsc", "pacc",
                     "strat", "salar")),
                 corr = structure(matrix(c(
                     1.0000, 0.6012, 0.6756, 0.6335, 0.7149,-0.2367,-0.5617, 0.7118,
                     0.6012, 1.0000, 0.6425, 0.5149, 0.7822,-0.3028,-0.4583, 0.6358,
                     0.6756, 0.6425, 1.0000, 0.6432, 0.7988,-0.2075,-0.2478, 0.6376,
                     0.6335, 0.5149, 0.6432, 1.0000, 0.6286,-0.0715,-0.2836, 0.6068,
                     0.7149, 0.7822, 0.7988, 0.6286, 1.0000,-0.1642,-0.4652, 0.7155,
                     -0.2367,-0.3028,-0.2075,-0.0715,-0.1642, 1.0000, 0.1318,-0.3752,
                     -0.5617,-0.4583,-0.2478,-0.2836,-0.4652, 0.1318, 1.0000,-0.3477,
                     0.7118, 0.6358, 0.6376, 0.6068, 0.7155,-0.3752,-0.3477, 1.0000
                     ), 8,8),            
            dimnames = list(
              c("spend", "apgra", "top10", "rejr", "tstsc", "pacc",
                "strat", "salar"), 
              c("spend", "apgra", "top10", "rejr", "tstsc", "pacc",
                "strat", "salar"))), 
            n = 170))
# from Druzdzel and Glymour, p.532.
